0 0 2 
0 0 4 
0 0 2 
0 0 4 
1 0 1 5 17 20 
1 0 1 5 17 20 
1 0 1 5 17 20 
1 0 1 5 17 20 
1 0 1 4 5 17 20 
1 0 1 4 5 17 20 
1 0 1 5 17 20 
1 0 1 5 17 20 
1 0 1 5 17 20 
1 0 1 5 17 20 
1 0 1 5 17 20 
1 0 1 3 
1 0 1 3 
1 0 1 4 5 6 
1 0 1 5 6 
1 0 1 4 5 6 
1 0 1 4 5 6 
1 
1 
1 
1 
1 
1 0 1 2 8 
1 0 1 2 8 
1 
1 
1 
1 
1 
1 
1 12 3 7 
1 11 12 3 7 
1 0 1 3 
1 0 1 3 
1 0 11 25 15 6 
1 0 11 25 15 6 
1 0 5 6 
1 0 5 6 
1 0 6 
1 0 6 
1 0 6 
1 0 1 3 
1 0 1 3 
1 0 3 
1 0 1 3 
1 0 3 
1 
1 
1 
1 
1 
1 0 1 2 
1 0 1 2 
1 0 1 2 
1 0 1 2 3 
1 0 1 2 3 
1 0 1 2 3 
1 0 1 2 3 
1 
1 
1 
1 
1 4 5 
1 0 1 2 3 
1 0 1 2 3 
1 0 1 2 3 
1 0 1 2 3 
1 0 1 2 3 
1 0 1 2 3 
1 0 1 2 3 
1 0 1 2 3 
1 1 2 
1 0 1 2 3 
1 0 1 2 3 
1 0 1 2 3 
1 0 1 2 3 
1 0 1 2 3 
1 0 1 2 3 
1 
1 
1 
1 
1 
1 
1 
1 0 3 
1 0 3 
1 0 3 
1 0 3 
1 0 3 
1 0 1 2 3 
1 0 1 2 3 
1 0 1 2 3 
1 0 1 2 3 
1 
1 
1 
1 
1 
1 
1 
1 
1 
1 
1 
1 
1 
1 0 1 3 
1 0 1 3 
1 0 1 3 
1 0 1 3 
1 0 1 3 
1 0 1 
1 0 1 3 4 
1 0 1 3 4 
1 0 2 3 4 
1 0 2 3 4 
1 0 1 
1 0 1 
1 0 1 
1 0 1 
1 0 1 
1 0 1 
1 0 1 
1 0 1 2 3 
1 0 1 2 3 
1 0 1 2 3 
1 0 1 2 3 
1 0 1 2 3 
1 0 1 2 3 
1 0 1 2 3 
1 0 1 2 3 
1 0 3 
1 0 2 
1 0 1 2 3 
1 0 1 2 3 
1 0 1 2 
1 0 1 2 
1 0 1 2 
1 0 1 2 
1 0 1 2 
1 0 1 2 
1 0 1 2 
1 0 1 2 
1 0 1 2 
1 0 1 2 
1 0 
1 0 
1 0 
1 0 
1 0 
1 0 
1 0 
1 
1 
1 
1 0 1 
1 0 1 
1 0 1 
1 0 1 
1 
1 
1 
1 
1 
1 
1 
1 
1 0 1 2 3 
1 0 1 2 3 
1 0 1 2 3 
1 0 1 2 3 
1 0 1 2 3 
1 0 1 2 3 
1 
1 0 
1 0 
1 0 
1 0 
1 0 
1 
1 0 
1 0 
1 0 
1 0 
1 0 
1 0 
1 0 
1 0 
1 0 
1 0 1 2 
1 0 1 2 
1 0 
1 0 
1 0 
1 0 
1 0 
1 0 
1 0 1 2 
1 0 1 2 
1 0 1 2 
1 0 1 2 
1 0 1 2 
1 0 1 2 
1 0 1 2 
1 0 1 2 3 
1 0 1 2 
1 0 1 2 
1 0 1 2 
1 0 1 2 
1 0 1 2 
1 
1 
1 
1 
1 
1 
1 
1 0 1 2 3 
1 0 1 2 4 
1 0 1 2 3 4 5 
1 0 1 2 3 4 
1 0 1 2 4 5 
1 
1 
1 
1 
1 
1 0 1 2 3 4 
1 0 1 2 3 4 
1 
1 4 
1 0 1 2 3 4 5 
1 0 1 2 3 4 
1 
1 0 1 4 
1 0 1 4 
1 0 
1 0 
1 0 
1 0 
1 0 
1 0 
1 0 
1 0 1 2 
1 0 1 2 
1 0 1 2 
1 0 1 2 
1 0 1 2 
1 0 1 2 
1 
1 
1 
1 
1 0 1 
1 0 2 
